58 58 58 58 58 58 58 58 58 58 58 58 58 58 76 58 58 58 
41 -97 0 50 50 50 50 50 50 50 50 50 50 54 70 0 0 41 
41 -97 0 0 0 0 0 0 0 0 0 0 0 51 70 26 0 41 
41 -97 0 0 0 0 0 0 0 0 0 0 0 51 70 0 0 41 
64 0 0 0 0 0 0 0 0 0 0 0 0 51 70 0 0 63 
57 26 0 0 0 0 0 0 0 0 0 0 0 51 71 0 0 59 
57 0 0 0 0 0 0 0 0 0 0 0 0 0 0 0 0 59 
57 49 0 0 0 0 0 0 0 0 47 0 0 0 0 0 0 59 
57 49 0 0 0 0 0 0 0 0 0 0 0 0 0 0 0 59 
57 49 0 0 0 0 46 0 0 0 0 0 0 0 0 0 0 59 
57 49 0 0 0 0 0 0 0 0 0 0 0 0 0 0 0 59 
57 49 0 0 0 0 0 0 0 0 0 0 0 0 0 0 0 59 
57 56 52 0 0 0 0 52 52 52 52 52 52 52 52 52 52 59 
57 74 74 73 0 0 51 72 74 74 74 74 74 74 74 74 74 77 
57 53 50 0 0 0 0 50 50 50 50 50 50 50 50 50 50 59 
57 49 0 0 0 0 0 0 0 0 0 0 0 0 0 0 0 59 
57 0 0 0 0 0 0 0 0 0 0 0 0 0 0 -98 0 59 
57 49 0 0 0 0 0 0 0 0 0 0 0 0 0 0 0 59 
57 56 52 52 52 52 52 52 0 0 0 0 52 52 52 52 52 59 
75 74 74 74 74 74 74 74 73 0 0 51 72 74 74 74 74 77 
57 50 50 50 50 50 50 50 0 0 0 0 50 50 50 50 50 59 
57 0 0 0 0 0 0 0 0 0 0 0 0 0 0 0 0 59 
57 0 0 0 0 0 0 0 0 0 0 0 0 0 0 0 0 59 
57 0 0 0 0 0 0 0 0 0 0 0 0 0 0 0 0 59 
57 52 52 52 52 52 0 0 0 0 0 52 52 52 52 52 52 59 
75 74 74 74 74 74 73 0 0 0 51 72 74 74 74 74 74 77 
57 50 50 50 50 50 0 0 0 0 0 50 50 50 50 50 50 59 
57 0 0 0 0 0 0 0 0 0 0 0 0 0 0 0 0 59 
57 0 0 0 0 0 0 0 0 0 0 0 0 0 0 0 0 59 
57 0 0 0 0 0 0 0 0 0 0 0 0 0 0 0 0 59 
57 26 0 0 0 0 0 0 0 0 0 0 0 0 0 0 0 59 
57 41 41 41 41 63 60 60 60 60 60 60 60 60 60 60 60 68 
