83 81 81 81 81 81 81 81 81 81 81 81 81 81 81 81 81 85 
79 53 0 0 0 0 0 0 0 0 0 0 0 0 0 0 0 80 
79 0 0 0 0 0 0 0 0 0 0 0 0 0 0 0 0 80 
79 0 0 0 0 0 0 0 0 0 0 0 0 91 102 0 0 80 
79 0 0 0 0 0 0 0 0 0 0 0 0 92 0 0 0 80 
79 0 0 0 0 0 0 0 0 0 0 0 0 92 0 0 0 80 
79 0 0 0 0 0 0 0 0 0 0 0 0 92 0 0 51 80 
79 0 0 0 0 0 0 0 0 0 0 0 0 92 0 0 0 80 
79 0 0 0 0 0 0 0 0 0 0 0 0 92 0 0 0 80 
79 0 0 0 0 0 0 0 0 0 0 0 0 92 0 0 0 80 
79 0 0 0 0 0 0 0 0 0 0 0 0 92 0 0 0 80 
79 0 0 0 0 0 0 0 0 0 0 0 0 92 0 0 0 80 
79 0 0 0 0 0 0 0 0 0 105 0 0 92 0 0 0 80 
79 0 0 0 0 0 0 0 0 0 0 0 0 92 0 0 0 80 
79 0 0 0 0 0 0 0 0 0 0 0 0 92 0 0 51 80 
79 0 0 0 0 0 0 0 0 0 105 0 -98 92 0 0 0 80 
79 0 0 0 0 0 0 0 0 0 0 0 0 92 0 0 0 80 
79 0 0 0 0 0 0 0 0 0 0 0 0 92 0 0 0 80 
79 0 0 0 0 0 0 0 0 0 105 0 0 92 0 0 0 80 
79 0 0 0 0 0 0 0 0 0 0 0 0 92 0 0 0 80 
79 0 0 0 0 0 0 0 0 0 0 0 0 92 0 0 0 80 
79 0 0 0 0 0 0 0 0 0 0 0 0 92 0 0 0 80 
79 0 0 0 0 0 0 0 0 0 0 0 0 92 0 0 51 80 
79 0 0 0 0 0 0 0 0 0 0 0 0 92 0 0 0 80 
79 0 0 0 0 0 0 0 0 0 0 0 0 92 0 0 0 80 
79 0 0 0 0 0 0 0 0 0 0 0 0 92 0 0 0 80 
79 0 0 0 0 0 0 0 0 0 0 0 0 92 0 0 0 80 
79 56 0 0 0 0 0 0 0 0 0 0 0 92 95 0 0 80 
87 96 96 96 96 96 96 96 96 96 95 26 0 92 0 0 0 80 
41 -97 0 0 0 0 0 0 0 0 0 0 0 92 26 0 0 80 
41 -97 0 0 0 0 0 0 0 0 0 0 0 92 95 0 0 80 
82 82 82 82 82 82 82 82 82 82 82 82 82 92 41 41 41 80 
