29 41 41 41 41 41 41 41 41 41 41 41 41 41 41 41 41 31 
29 26 0 0 0 0 0 0 0 0 0 0 0 0 0 0 0 31 
29 0 0 0 0 0 0 0 0 0 0 0 0 0 0 0 0 31 
29 0 0 0 0 0 0 0 0 0 0 0 0 0 0 0 0 31 
29 0 0 0 0 0 0 0 0 0 0 0 0 0 0 0 0 31 
29 0 0 0 0 0 0 0 0 0 0 0 0 0 0 0 0 31 
29 0 0 0 0 0 0 0 0 0 0 0 0 0 0 0 0 31 
29 0 0 0 0 0 0 0 0 0 0 0 0 0 0 0 0 31 
29 0 0 0 0 0 0 0 0 0 0 0 0 0 0 0 0 31 
29 0 0 0 0 0 0 0 0 0 0 0 0 0 0 0 0 31 
29 0 0 0 0 0 0 0 0 0 0 0 0 0 0 0 0 31 
29 0 0 0 0 0 0 0 0 0 0 0 0 0 0 0 0 31 
29 0 0 0 0 0 0 0 0 0 0 0 0 0 0 0 0 31 
29 0 0 0 0 0 0 0 0 0 0 0 0 0 0 0 0 31 
29 0 0 0 0 0 0 0 0 0 0 0 0 0 0 0 0 31 
29 26 0 0 0 0 0 0 0 0 0 0 0 0 0 0 0 31 
29 0 0 0 0 0 0 0 0 0 0 0 0 0 0 0 0 31 
29 0 0 0 0 0 0 0 0 0 0 0 0 0 0 0 0 31 
29 0 0 0 0 0 0 0 0 0 0 0 0 0 0 0 0 31 
29 0 0 0 0 0 0 0 0 0 0 0 0 0 0 0 0 31 
29 0 0 0 0 0 0 0 0 0 0 0 0 0 0 0 0 31 
29 0 0 0 0 0 0 0 0 0 0 0 0 0 0 0 0 31 
29 0 0 0 0 0 0 0 0 0 0 0 0 0 0 0 0 31 
29 0 0 0 0 0 0 0 0 0 0 0 0 0 0 0 0 31 
29 0 0 0 0 0 0 0 0 0 0 0 0 0 0 0 0 31 
29 0 0 0 0 0 0 0 0 0 0 0 0 0 0 0 0 31 
29 0 0 0 0 0 0 0 0 0 0 0 0 0 0 0 0 31 
29 0 0 0 0 0 0 0 0 0 0 0 0 0 0 0 0 31 
29 0 0 0 0 0 0 0 0 0 0 0 0 0 0 0 0 31 
29 0 0 0 0 0 0 0 0 0 0 0 0 0 0 0 0 31 
29 0 0 0 0 0 0 0 0 0 0 0 0 0 0 0 0 31 
40 32 32 32 32 32 32 32 32 32 32 32 32 32 32 32 32 39 
