83 81 81 81 81 81 81 81 81 81 81 81 81 92 41 41 41 80 
79 0 0 0 0 0 0 0 0 0 0 0 0 92 26 0 0 80 
79 0 0 0 0 0 0 0 0 0 0 0 0 92 0 0 0 80 
79 0 0 0 0 0 0 0 0 0 0 0 0 92 95 0 0 80 
79 0 0 0 0 0 89 90 0 0 0 0 0 92 0 0 0 80 
79 0 0 0 0 0 80 79 44 0 0 0 0 92 0 0 0 80 
79 0 0 0 0 0 103 101 100 0 0 0 0 92 0 0 0 80 
79 0 0 0 0 0 80 79 0 0 0 0 0 92 0 0 0 80 
79 0 0 0 0 0 103 101 0 0 0 0 0 92 0 0 0 80 
79 0 0 0 0 0 80 79 0 0 0 0 0 92 0 0 0 80 
79 0 0 0 0 0 103 101 0 0 0 0 0 92 0 0 0 80 
79 0 0 0 0 0 80 79 0 0 0 0 0 92 0 0 0 80 
79 0 0 0 0 0 103 101 0 0 0 0 0 92 0 0 0 80 
79 0 0 0 0 0 80 79 0 0 0 0 0 92 0 0 0 80 
79 0 0 0 0 0 103 101 0 0 0 0 0 92 0 0 0 80 
79 0 0 0 0 0 80 79 0 0 0 0 0 92 0 0 0 80 
79 0 0 0 0 0 103 101 0 0 0 0 0 92 0 0 0 80 
79 0 0 0 0 0 80 79 0 0 0 0 0 92 0 0 0 80 
79 0 0 0 0 0 103 101 0 0 0 0 0 92 0 0 0 80 
79 0 0 0 0 0 80 79 0 0 0 0 0 92 0 0 0 80 
79 0 0 0 0 0 103 101 0 0 0 0 0 92 0 0 0 80 
79 0 0 0 0 0 80 79 0 0 0 0 0 92 0 0 0 80 
79 0 0 0 0 0 103 101 0 0 0 0 0 92 0 0 0 80 
79 0 0 0 0 0 80 79 0 0 0 0 0 92 0 0 0 80 
79 0 0 0 0 0 103 101 0 0 0 0 0 92 0 0 0 80 
79 0 0 0 0 0 80 79 0 0 0 0 0 92 0 0 0 80 
79 0 0 0 0 0 80 79 0 0 0 0 0 92 0 0 0 80 
79 0 0 0 0 0 80 79 44 0 0 0 0 93 0 0 0 80 
79 0 0 0 0 0 80 79 0 0 0 0 0 0 0 0 0 80 
79 26 0 0 0 0 80 79 0 0 0 0 0 0 0 0 0 80 
79 0 0 0 0 0 80 79 0 0 0 0 0 0 0 0 0 80 
79 41 41 41 89 82 86 84 82 82 82 82 82 82 104 82 82 86 
