66 58 58 58 58 58 58 58 58 58 76 58 58 70 41 41 41 59 
57 0 0 0 0 0 0 0 0 51 70 49 0 70 0 0 0 59 
57 0 0 52 0 0 0 0 0 51 70 49 0 71 26 0 0 59 
57 0 0 69 49 0 0 0 0 51 70 49 0 0 0 0 0 59 
57 0 0 70 49 0 0 0 0 51 70 49 0 0 0 0 0 59 
57 0 0 70 49 0 0 0 0 51 70 49 0 0 0 0 0 59 
57 0 0 70 49 0 0 0 0 51 70 49 0 0 0 0 0 59 
57 0 0 70 49 0 0 0 0 51 70 49 0 0 0 0 0 59 
57 0 0 70 49 0 45 0 0 51 70 49 0 0 0 0 0 59 
57 0 0 70 49 0 0 0 0 51 70 49 0 0 0 0 0 59 
57 0 0 70 49 0 0 0 0 51 70 49 0 0 0 0 0 59 
57 0 0 70 49 0 0 0 0 51 70 49 0 0 0 0 0 59 
57 0 0 70 49 0 0 0 0 51 70 49 0 0 0 0 0 59 
57 0 0 70 49 0 45 0 0 51 70 49 0 0 0 0 0 59 
57 0 0 70 49 0 0 0 0 51 70 49 0 0 0 0 0 59 
57 0 0 70 49 0 0 0 0 51 70 49 0 0 0 0 0 59 
57 0 0 70 49 0 0 0 0 51 70 49 0 0 0 0 0 59 
57 0 0 70 49 0 0 0 0 51 70 49 0 0 0 0 0 59 
57 0 0 70 49 0 45 0 0 51 70 49 0 0 45 0 0 59 
57 0 0 70 49 0 0 0 0 51 70 49 0 0 0 0 0 59 
57 0 0 70 49 0 0 0 0 51 70 49 0 0 0 0 0 59 
57 0 0 70 49 0 0 0 0 51 70 49 0 0 0 0 0 59 
57 0 0 70 49 0 0 0 0 51 70 49 0 0 0 0 0 59 
57 0 0 70 49 0 45 0 0 51 70 49 0 0 45 0 0 59 
57 0 0 70 49 0 0 0 0 51 70 49 0 0 0 0 0 59 
57 0 0 70 49 0 0 0 0 51 70 49 0 0 0 0 0 59 
57 0 0 70 49 0 0 0 0 51 71 49 0 0 0 0 0 59 
57 0 0 70 49 0 0 0 0 0 50 0 0 0 0 0 0 59 
57 0 0 70 49 0 45 0 0 0 0 0 0 0 0 0 0 59 
57 26 0 70 49 0 0 0 0 0 0 0 0 0 0 0 0 59 
57 0 0 70 49 0 0 0 0 0 0 0 0 0 0 0 0 59 
57 41 41 70 60 60 60 60 60 60 60 60 60 60 60 60 60 68 
