1 1 1 1 1 1 1 1 1 1 1 1 1 1 1 1 1 7 
41 0 0 0 18 18 18 18 18 18 0 0 0 0 18 18 22 3 
10 0 0 0 0 0 0 0 0 0 0 0 0 0 0 0 19 3 
4 26 0 0 0 0 0 0 0 0 0 0 0 0 0 0 19 3 
4 0 0 0 0 0 0 0 0 0 0 0 0 0 0 0 19 3 
4 0 0 0 0 0 0 0 0 0 0 0 0 0 0 0 19 3 
4 0 0 0 0 0 0 0 0 0 0 0 20 0 0 0 19 3 
4 0 0 0 0 0 12 10 0 0 0 19 12 10 0 0 19 3 
4 0 0 0 0 19 11 9 0 0 0 19 11 9 0 0 19 3 
4 0 0 0 0 0 18 0 0 0 0 0 18 0 0 0 19 3 
4 20 20 0 0 0 0 0 0 0 0 0 0 0 0 0 19 3 
6 16 10 17 0 0 0 0 0 0 0 0 0 0 0 0 19 3 
0 0 13 17 0 0 0 0 0 0 0 0 0 0 0 0 19 3 
5 15 9 17 0 0 0 0 0 0 0 0 0 0 0 0 19 3 
4 18 18 0 0 0 0 0 0 0 0 0 0 0 0 0 19 3 
4 0 0 0 0 0 20 0 0 0 0 0 20 0 0 0 19 3 
4 0 0 0 0 19 12 10 0 0 0 19 12 10 0 0 19 3 
4 0 0 0 0 19 11 9 0 0 0 19 11 9 0 0 19 3 
4 0 0 0 0 0 18 18 0 0 0 0 18 0 0 0 19 3 
4 0 0 0 0 0 0 0 0 0 0 0 0 0 0 0 19 3 
4 0 0 0 0 0 0 0 0 0 0 0 0 0 0 0 19 3 
4 0 0 0 0 0 0 0 0 0 0 0 0 0 0 0 19 3 
4 0 0 0 0 0 0 0 0 0 0 0 0 0 0 0 19 3 
4 20 20 20 0 0 0 0 0 0 0 0 0 0 0 0 19 3 
6 16 16 10 17 0 0 0 0 0 0 0 0 0 0 0 19 3 
0 0 0 13 17 0 0 0 20 20 20 20 20 0 0 0 19 3 
0 0 0 6 2 2 2 2 2 2 2 2 2 10 0 0 19 3 
5 1 1 1 1 1 1 1 1 1 1 1 1 9 0 0 19 3 
4 0 0 0 0 0 0 0 0 0 0 0 -28 0 0 0 0 3 
4 26 0 0 0 0 0 0 0 0 0 0 -28 0 -27 0 0 3 
4 0 0 0 0 0 0 0 0 0 0 0 -28 0 0 0 0 3 
4 41 41 12 2 2 2 2 2 2 2 2 2 2 2 2 2 8 
