4 0 0 11 1 1 1 1 1 1 1 1 1 1 1 1 1 7 
4 0 0 0 0 0 0 0 0 0 0 0 0 0 0 0 0 3 
4 0 0 0 0 0 0 0 0 0 0 0 0 0 0 0 0 3 
4 0 0 0 0 0 0 0 0 0 0 0 0 0 0 0 0 3 
4 0 0 0 0 0 0 0 0 0 0 0 0 0 0 0 0 3 
4 0 0 0 0 0 0 0 0 0 0 0 0 0 0 0 0 3 
4 0 0 0 0 0 0 0 0 0 0 0 0 0 0 0 0 3 
4 0 0 0 0 0 0 0 0 0 0 0 0 0 0 0 0 3 
4 0 0 0 0 0 0 0 0 0 0 0 0 0 0 0 0 3 
4 0 0 0 0 0 0 0 0 0 0 0 0 0 0 0 0 3 
4 0 0 0 0 0 0 0 0 0 0 0 0 0 0 0 0 3 
4 0 0 0 0 0 0 0 0 0 0 0 0 0 0 0 0 3 
4 0 0 0 0 0 0 0 0 0 0 0 0 0 0 0 0 3 
4 0 0 0 0 0 0 0 0 0 0 0 0 0 0 0 0 3 
4 0 0 0 0 0 0 0 0 0 0 0 0 0 0 0 0 3 
4 0 0 0 0 0 0 0 0 0 0 0 0 0 0 0 0 3 
4 0 0 0 0 0 0 0 0 0 0 0 0 0 0 0 0 3 
4 0 0 0 0 0 0 0 0 0 0 0 0 0 0 0 0 3 
4 0 0 0 0 0 0 0 0 0 0 0 0 0 0 0 0 3 
4 0 0 0 0 0 0 0 0 0 0 0 0 0 0 0 0 3 
4 0 0 0 0 0 0 0 0 0 0 0 0 0 0 0 0 3 
4 0 0 0 0 0 0 0 0 0 0 0 0 0 0 0 0 3 
4 0 0 0 0 0 0 0 0 0 0 0 0 0 0 0 0 3 
4 0 0 0 0 0 0 0 0 0 0 0 0 0 0 0 0 3 
4 0 0 0 0 0 0 0 0 0 0 0 0 0 0 0 0 3 
4 0 0 0 0 0 0 0 0 0 0 0 0 0 0 0 0 3 
4 0 0 0 0 0 0 0 0 0 0 0 0 0 0 0 0 3 
4 0 0 0 0 0 0 0 0 0 0 0 0 0 0 0 0 3 
4 0 0 0 0 0 0 0 0 0 0 0 0 0 0 0 0 3 
4 0 0 0 0 0 0 0 0 0 0 0 0 0 0 0 0 3 
4 0 0 0 0 0 0 0 0 0 0 0 0 0 0 0 0 3 
6 2 2 2 2 2 2 2 2 2 2 2 2 2 2 2 2 8 
