0 0 0 0 0 0 0 0 0 0 0 0 0 0 0 0 0 0 
0 0 0 0 0 0 0 0 0 0 0 0 0 0 0 0 0 0 
0 0 0 0 0 0 0 0 0 0 0 0 0 0 0 0 0 0 
0 0 0 0 0 0 0 0 0 0 0 0 0 0 0 0 0 0 
11 1 1 1 1 1 1 1 1 1 1 1 1 7 0 5 1 7 
0 0 9 0 0 0 0 0 0 0 0 0 0 14 0 13 0 11 
10 0 0 0 0 0 0 0 0 0 0 0 0 14 0 13 0 0 
13 26 0 0 0 0 0 0 0 0 0 0 0 14 0 13 26 0 
9 0 0 0 0 0 0 0 0 0 0 0 0 11 15 9 0 0 
0 0 10 0 0 0 0 0 0 0 0 0 0 0 0 0 0 12 
12 2 2 2 2 10 17 0 0 0 19 12 2 2 2 2 2 8 
0 0 0 0 0 13 17 0 0 0 19 14 0 0 0 0 0 0 
0 0 0 0 0 13 17 0 0 0 19 14 0 0 0 0 0 0 
0 0 0 0 0 13 17 0 0 0 19 14 0 0 0 0 0 0 
0 0 0 0 0 13 17 0 0 0 19 14 0 0 0 0 0 0 
0 0 0 0 0 13 17 0 0 0 19 14 0 0 0 0 0 0 
0 0 0 0 0 13 17 0 0 0 19 14 0 0 0 0 0 0 
0 0 0 0 0 13 17 0 0 0 19 14 0 0 0 0 0 0 
0 0 0 0 5 12 0 0 0 0 0 10 7 0 0 0 0 0 
0 0 0 0 4 17 0 0 0 0 0 19 3 0 0 0 0 0 
0 0 0 0 4 17 0 0 0 0 0 19 3 0 0 0 0 0 
0 0 0 0 4 0 0 0 0 0 0 19 3 0 0 0 0 0 
0 0 0 0 4 0 0 0 25 0 0 19 3 0 0 0 0 0 
0 0 0 0 4 0 0 0 0 0 0 19 3 0 0 0 0 0 
0 0 0 0 4 0 0 0 0 0 0 19 3 0 0 0 0 0 
0 0 0 0 4 20 20 20 20 20 20 23 3 0 0 0 0 0 
0 0 0 0 6 2 2 2 2 2 2 2 8 0 0 0 0 0 
0 0 0 0 0 0 0 0 0 0 0 0 0 0 0 0 0 0 
0 0 0 0 0 0 0 0 0 0 0 0 0 0 0 0 0 0 
0 0 0 0 0 0 0 0 0 0 0 0 0 0 0 0 0 0 
0 0 0 0 0 0 0 0 0 0 0 0 0 0 0 0 0 0 
0 0 0 0 0 0 0 0 0 0 0 0 0 0 0 0 0 0 
