5 1 1 1 1 1 1 1 1 1 1 1 1 1 1 1 1 7 
4 18 18 18 18 18 18 18 18 18 18 18 18 18 18 18 22 3 
4 0 0 0 0 0 0 0 0 0 0 0 0 0 0 0 19 3 
4 0 0 0 0 0 0 0 0 0 0 0 0 0 0 0 19 3 
4 0 0 0 0 0 0 0 0 0 0 0 0 0 0 0 0 11 
4 26 -27 0 0 0 0 0 0 0 0 0 0 0 0 0 0 41 
4 0 0 0 0 0 0 0 0 0 0 0 0 0 0 0 0 12 
4 0 0 0 0 0 0 0 0 0 0 0 0 0 0 0 19 14 
4 24 0 0 0 0 0 0 0 0 0 0 0 0 0 0 0 11 
6 2 2 2 2 2 2 2 2 2 10 0 0 0 10 26 0 41 
0 0 0 0 0 0 0 0 0 0 4 0 0 0 13 0 0 12 
0 0 0 0 0 0 0 0 0 0 4 17 0 0 13 0 19 3 
0 0 0 0 0 0 0 0 0 0 4 17 0 0 13 0 19 3 
5 1 1 1 1 1 1 1 1 1 9 17 0 0 13 0 19 3 
4 21 0 0 0 0 0 0 0 0 0 0 0 0 13 0 19 3 
4 17 0 0 0 0 0 20 20 20 20 20 20 20 13 0 19 3 
4 17 0 0 0 0 19 12 16 16 16 16 16 10 13 0 19 3 
4 17 0 0 0 0 19 14 0 0 0 0 0 13 13 0 19 3 
4 17 0 0 0 0 19 11 15 15 15 15 15 9 13 0 19 3 
4 17 0 0 0 0 0 18 18 18 18 18 18 18 13 0 19 3 
4 24 0 0 0 0 0 0 0 0 0 0 0 0 13 0 19 3 
6 2 2 2 2 2 2 2 2 2 2 10 0 0 13 0 19 3 
0 0 0 0 0 0 0 0 0 0 0 4 0 0 13 0 19 3 
0 0 0 0 12 16 16 10 0 0 0 4 0 0 13 0 19 3 
0 0 0 0 14 0 0 13 0 0 0 4 0 0 13 0 19 3 
0 0 0 0 14 0 0 13 0 0 0 4 0 0 13 0 19 3 
0 12 10 0 11 15 15 9 0 0 0 4 0 0 13 0 19 3 
0 11 9 0 0 0 0 0 0 0 0 4 0 0 13 0 19 3 
0 0 0 0 0 0 0 0 0 0 0 4 0 0 9 0 19 3 
0 0 0 0 0 0 0 0 12 10 0 4 0 0 0 0 19 3 
0 0 0 0 0 0 0 0 11 9 0 4 20 20 20 20 23 3 
0 0 0 0 0 0 0 0 0 0 0 6 2 2 2 2 2 8 
