4 0 0 0 11 1 1 1 1 1 1 1 1 1 1 1 1 1 
4 0 0 0 18 18 18 18 18 18 18 18 18 18 4 0 0 0 
4 26 0 0 0 0 12 16 16 16 16 10 0 0 4 26 0 12 
4 0 0 0 0 0 11 15 15 15 15 9 0 0 4 0 0 3 
4 0 0 0 0 0 0 0 0 0 0 0 0 0 4 17 0 3 
4 0 0 20 20 0 0 0 0 20 20 0 0 0 4 0 0 3 
4 0 19 12 10 17 0 0 19 12 10 17 0 0 4 0 0 3 
4 0 19 11 9 17 0 0 19 11 9 17 0 0 4 0 0 3 
4 0 0 18 18 0 0 0 0 18 18 0 0 0 4 17 0 3 
4 0 0 0 0 0 0 0 0 0 0 0 0 0 4 0 0 3 
4 0 0 0 0 0 0 0 0 0 0 0 0 0 4 0 0 3 
4 20 20 20 0 0 0 20 20 20 20 0 0 0 4 0 0 3 
4 2 2 2 2 2 2 2 2 2 10 0 0 0 4 17 0 3 
4 1 1 1 1 1 1 1 1 1 9 0 0 0 4 0 0 3 
4 18 18 18 18 18 -28 0 0 0 0 0 0 0 4 0 0 3 
4 0 -25 0 0 0 -28 0 0 0 0 0 0 0 4 0 0 3 
4 20 20 20 20 20 -28 0 0 0 0 0 0 0 4 17 0 3 
4 2 2 2 2 2 10 0 0 0 0 0 0 0 4 0 0 3 
4 1 1 1 1 1 9 0 0 0 0 0 0 0 4 0 0 3 
4 21 18 18 18 18 0 0 0 0 0 0 0 0 4 0 0 3 
4 17 0 0 0 0 0 0 0 0 0 0 0 0 4 17 0 3 
4 17 0 0 0 0 0 0 0 0 0 0 0 0 4 0 0 3 
4 17 0 0 0 0 0 0 0 0 0 0 0 0 4 0 0 3 
4 17 0 0 0 0 20 20 0 0 0 0 0 0 4 0 0 3 
4 17 0 0 0 19 12 10 17 0 0 0 0 0 4 17 0 3 
4 17 0 0 0 19 11 9 17 0 0 0 0 0 4 0 0 3 
4 17 0 0 0 0 18 18 0 0 0 0 0 0 4 0 0 3 
4 17 0 0 0 0 0 0 0 0 0 0 0 0 4 0 0 3 
4 17 0 0 0 0 0 0 0 0 0 0 0 0 9 0 0 3 
4 17 0 0 0 0 0 0 0 0 0 0 0 0 0 0 0 3 
4 24 20 20 0 0 0 0 0 0 0 0 0 0 0 0 0 3 
6 2 2 2 2 2 2 2 2 2 2 2 2 2 2 2 2 8 
