83 81 81 92 41 41 41 88 81 81 81 81 81 81 81 81 81 85 
79 17 0 92 26 0 0 0 0 0 0 0 0 0 0 0 0 80 
79 17 0 92 0 0 0 0 0 0 0 0 0 0 0 0 0 80 
79 17 0 92 0 0 0 0 0 0 0 0 0 0 0 0 0 80 
79 17 0 93 0 0 0 0 0 0 0 0 0 0 0 0 0 80 
79 17 0 0 0 0 0 0 0 0 0 0 0 0 0 0 0 3 
79 17 0 0 0 0 0 0 0 106 0 0 0 0 0 0 0 80 
79 17 0 0 0 0 0 0 0 0 0 0 0 0 0 0 0 80 
79 17 0 0 45 0 0 0 52 52 52 0 0 0 0 0 0 80 
79 17 0 0 0 0 0 51 89 82 90 49 0 0 0 0 0 80 
79 17 0 0 0 0 0 51 80 0 79 49 0 0 0 0 0 80 
79 17 0 0 0 0 0 51 88 81 87 49 0 0 0 0 0 80 
79 17 0 0 0 0 0 0 50 50 50 0 0 0 0 0 0 80 
79 17 0 0 0 0 0 0 0 0 0 0 0 0 0 0 0 80 
79 17 0 0 0 0 0 0 0 106 0 0 0 0 105 0 0 80 
79 17 0 0 45 0 0 0 0 0 0 0 0 0 0 0 0 80 
79 17 0 0 0 0 0 0 52 52 52 0 0 0 0 0 0 80 
79 17 0 0 0 0 0 51 89 82 90 49 0 0 0 0 0 80 
79 17 0 0 0 0 0 51 80 0 79 49 0 0 0 0 0 80 
79 17 0 0 0 0 0 51 88 81 87 49 0 0 0 0 0 80 
79 17 0 0 0 0 0 0 50 50 50 0 0 0 0 0 0 80 
79 17 0 0 45 0 0 0 0 0 0 0 0 0 0 0 0 80 
79 17 0 0 0 0 0 0 0 0 0 0 0 0 0 0 0 80 
79 17 0 0 0 0 0 0 0 0 0 0 0 0 0 0 0 80 
79 17 0 0 0 0 0 0 0 0 0 0 0 0 0 0 0 80 
79 17 0 0 0 0 0 0 0 0 0 0 0 0 94 96 96 80 
79 17 0 0 0 0 0 0 0 0 0 0 0 0 0 0 0 80 
79 17 0 0 45 0 0 0 0 0 0 0 0 0 0 0 0 80 
79 17 0 0 0 0 0 0 0 0 0 0 0 0 91 0 0 88 
79 17 0 0 0 0 0 0 0 0 0 0 0 0 92 0 0 41 
79 17 0 0 0 0 0 0 0 0 0 0 0 0 92 26 0 41 
84 82 82 82 82 82 82 82 82 82 82 82 82 82 82 82 82 82 
