5 1 1 1 1 1 1 1 1 1 1 1 1 1 1 1 1 7 
4 0 0 0 0 0 0 0 0 0 0 0 4 18 18 18 18 3 
4 0 0 0 0 0 0 0 0 0 0 0 4 0 0 0 0 3 
4 0 0 0 0 0 0 0 0 0 0 0 4 0 0 0 0 3 
4 26 0 0 0 0 0 0 0 0 0 0 4 0 0 0 0 11 
4 0 0 0 0 0 0 0 0 0 0 0 4 0 0 0 0 41 
4 0 0 0 0 0 0 0 0 0 0 0 4 0 10 26 0 41 
4 24 0 0 0 0 0 0 0 0 0 0 4 0 3 10 0 41 
6 2 10 0 0 0 0 0 0 0 0 0 4 0 3 0 10 41 
0 0 4 0 0 0 10 0 0 0 0 0 4 0 3 0 0 12 
0 0 4 0 0 0 13 0 0 0 0 0 4 0 11 1 1 7 
0 0 4 0 0 0 9 0 0 0 0 0 4 0 0 0 0 3 
5 1 9 0 0 0 0 0 0 0 0 0 4 0 0 0 0 3 
4 21 0 0 0 0 0 0 0 0 0 0 4 0 0 0 0 3 
4 17 0 0 10 0 0 0 10 0 0 0 4 0 0 0 0 3 
4 17 0 0 13 0 0 0 13 0 0 0 4 0 0 0 0 3 
4 17 0 0 9 0 0 0 9 0 0 0 9 0 0 0 0 3 
4 17 0 0 0 0 0 0 0 0 0 0 0 0 0 0 0 3 
4 17 0 0 0 0 0 0 0 0 0 0 0 0 0 0 0 3 
4 17 0 0 0 0 0 0 0 0 10 0 0 0 0 0 0 3 
4 17 0 0 0 0 0 0 0 0 13 0 0 0 0 0 0 3 
4 24 20 20 20 20 20 20 20 0 13 0 0 0 0 0 0 3 
6 2 2 2 2 2 2 2 10 17 9 0 0 0 0 0 0 3 
0 0 0 0 0 0 0 0 4 17 0 0 0 0 0 0 0 3 
0 0 0 0 0 0 0 0 4 17 0 0 0 0 0 0 0 3 
0 0 0 0 0 0 0 0 4 17 0 0 0 0 0 0 0 3 
0 0 0 0 0 0 0 0 4 17 0 10 0 0 0 0 0 3 
0 0 0 0 0 0 0 0 4 17 0 4 0 0 0 0 0 3 
0 0 0 0 0 0 0 0 4 17 0 4 0 -25 0 0 0 3 
0 0 0 0 0 0 0 0 4 17 0 4 0 0 0 0 0 3 
0 0 0 0 0 0 0 0 4 24 20 4 0 0 0 0 0 3 
0 0 0 0 0 0 0 0 6 2 2 2 2 2 2 2 2 8 
