83 81 81 81 81 81 81 81 81 81 81 81 81 92 41 41 41 80 
79 21 18 18 18 18 18 18 18 18 18 18 18 92 26 0 0 80 
79 0 44 0 0 0 0 0 0 0 0 0 0 92 0 0 0 80 
79 0 0 45 0 0 45 0 0 45 0 0 0 93 0 0 0 80 
79 0 0 0 0 0 0 0 0 0 0 0 0 0 0 0 0 80 
79 0 0 0 0 0 20 20 20 20 20 20 0 0 0 0 0 80 
79 0 0 0 0 19 94 96 96 96 96 96 104 96 96 96 96 80 
79 0 100 0 0 0 18 18 18 18 18 18 18 18 18 18 18 80 
79 0 0 0 0 0 0 0 0 0 0 0 0 0 0 0 0 80 
79 0 0 0 0 0 0 0 0 0 0 0 0 0 0 0 0 80 
79 0 0 0 0 0 45 0 0 0 0 0 0 0 0 0 0 80 
79 0 0 0 0 0 0 0 0 0 0 0 0 0 0 0 0 80 
79 0 44 0 0 0 0 0 0 0 0 0 0 0 0 0 0 80 
79 24 20 20 20 20 20 20 20 20 20 91 0 0 0 0 0 80 
79 96 96 96 96 96 96 96 96 96 96 95 0 0 0 94 96 80 
44 93 0 0 0 0 0 0 0 0 0 0 0 0 0 99 93 44 
79 17 0 0 0 0 0 0 0 0 0 0 0 0 0 0 19 80 
79 17 44 0 0 0 0 0 42 0 0 0 0 0 0 44 19 80 
79 17 0 0 0 0 0 0 0 0 0 0 0 0 0 0 19 80 
44 91 99 0 0 0 0 0 0 0 0 0 0 0 0 0 91 44 
79 92 0 0 0 0 0 0 0 0 0 0 0 0 0 0 92 80 
79 96 96 96 95 0 0 0 94 96 96 96 96 96 96 96 96 80 
101 0 0 0 0 0 0 0 0 0 0 0 0 0 0 0 0 103 
79 17 0 0 0 0 0 0 0 0 0 0 0 0 0 0 19 80 
79 17 44 0 0 0 0 0 42 0 0 0 0 0 0 44 19 80 
79 17 0 0 0 0 0 0 0 0 0 0 0 0 0 0 19 80 
101 0 0 0 0 0 0 0 0 0 0 0 0 0 0 0 0 103 
79 0 0 0 0 0 0 0 0 0 0 0 0 0 0 0 0 80 
96 96 96 96 96 96 96 96 96 96 96 96 96 95 0 0 0 80 
0 0 0 0 0 0 0 0 0 0 0 0 0 91 26 0 0 80 
0 0 0 0 0 0 0 0 0 0 0 0 0 92 0 0 0 80 
0 0 0 0 0 0 0 0 0 0 0 0 0 92 41 41 41 80 
