0 0 0 0 0 0 0 79 41 41 41 41 41 88 81 81 81 81 
0 0 0 0 0 0 0 79 0 0 0 0 0 18 18 18 18 18 
0 0 0 0 0 0 0 79 26 0 0 0 0 0 0 0 0 0 
0 0 0 0 0 0 0 79 0 0 0 0 0 0 0 0 0 0 
0 0 0 0 0 0 0 79 0 0 0 0 0 0 0 0 0 0 
0 0 0 0 0 0 0 79 0 0 0 0 0 0 0 0 0 0 
0 0 0 0 0 0 0 79 0 0 0 0 0 0 0 0 0 0 
0 0 0 0 0 0 0 79 0 0 0 0 0 0 0 0 0 0 
0 0 0 0 0 0 0 79 0 0 0 0 0 0 0 0 0 0 
0 0 0 0 0 0 0 79 0 0 0 0 0 0 0 0 0 0 
0 0 0 0 0 0 0 79 0 0 0 0 0 0 0 0 0 0 
0 0 0 0 0 0 0 79 0 0 0 0 0 0 0 0 0 0 
0 0 0 0 0 0 0 79 0 0 0 0 0 0 0 0 0 0 
0 0 0 0 0 0 0 79 0 0 0 0 0 0 0 0 0 0 
0 0 0 0 0 0 0 79 0 0 0 0 0 0 0 0 0 0 
0 0 0 0 0 0 0 79 0 0 0 0 0 0 0 0 0 0 
0 0 0 0 0 0 0 79 0 0 0 0 0 0 0 0 0 0 
85 0 0 0 0 0 0 79 0 0 0 0 0 0 0 0 0 0 
88 85 0 0 0 0 0 79 0 0 0 0 0 0 0 0 0 0 
0 88 85 0 0 0 0 79 0 0 0 0 0 0 0 0 0 0 
0 0 88 85 0 0 0 79 95 -48 0 0 0 0 0 0 0 0 
0 0 0 88 85 0 0 79 0 0 0 0 0 0 0 0 0 0 
0 0 0 0 88 85 0 79 0 0 0 0 0 0 0 0 0 0 
0 0 0 0 0 88 85 84 82 82 95 0 0 0 0 0 0 0 
0 0 0 0 0 0 88 85 0 0 95 0 0 0 0 0 0 0 
0 0 0 0 0 0 0 80 0 0 95 0 0 0 0 0 0 0 
0 0 0 0 0 0 0 88 81 81 95 0 0 0 0 0 0 0 
0 0 0 0 0 0 0 0 0 0 0 0 0 0 0 0 0 0 
0 0 0 0 0 0 0 0 0 0 0 0 0 0 0 0 0 0 
0 0 0 0 0 0 0 0 0 0 0 0 0 0 0 0 0 0 
0 0 0 0 0 0 0 0 0 0 0 0 0 0 0 0 0 0 
0 0 0 0 0 0 0 0 0 0 0 0 0 0 0 0 0 0 
