58 58 58 58 58 67 66 58 58 58 58 58 58 58 58 58 58 67 
41 0 0 0 0 59 57 53 50 50 50 50 50 50 50 50 50 59 
41 0 0 0 0 59 57 49 0 0 0 0 0 0 0 0 0 59 
41 0 0 0 0 59 57 49 0 0 0 0 0 0 0 0 0 59 
64 26 0 0 0 59 57 49 0 0 0 0 0 69 0 0 0 59 
57 0 44 0 0 59 57 49 0 44 0 0 0 70 0 0 0 59 
57 0 0 0 0 59 57 49 0 0 0 0 0 70 0 0 0 59 
57 0 0 0 0 59 57 49 0 0 0 0 0 70 0 0 0 59 
57 49 0 51 63 68 57 49 0 0 0 0 0 70 0 0 0 59 
57 49 0 51 59 0 57 49 0 0 0 0 0 70 0 0 0 59 
57 49 0 51 59 0 57 49 0 0 0 0 0 70 0 0 0 59 
57 49 0 51 59 0 57 49 0 0 0 0 0 70 0 0 0 59 
57 49 0 51 59 0 57 49 0 0 0 0 0 70 0 0 0 59 
57 49 0 51 59 0 57 49 0 0 0 0 0 70 0 0 0 59 
57 49 0 51 59 0 57 49 0 0 0 0 0 70 0 0 0 59 
57 49 0 51 59 0 57 49 0 0 0 52 0 70 0 0 0 59 
57 49 0 51 59 0 57 49 0 0 51 69 49 70 0 0 0 59 
57 49 0 51 59 0 57 49 0 0 51 71 49 70 0 0 0 59 
57 49 0 51 59 0 57 49 0 0 0 50 0 70 0 0 0 59 
57 49 0 51 59 0 57 49 0 0 0 0 0 70 0 0 0 59 
57 49 0 51 59 0 57 49 0 0 0 0 0 70 0 0 0 59 
57 49 0 51 59 0 57 49 0 0 0 0 0 70 0 0 0 59 
57 49 0 51 59 0 57 49 0 0 0 0 0 70 0 0 0 59 
57 49 0 51 59 0 57 49 0 0 0 0 0 70 0 0 0 59 
57 49 0 51 59 0 57 49 0 0 0 0 0 70 0 0 0 59 
57 49 0 51 62 58 61 49 0 0 0 0 0 70 0 0 0 59 
57 49 0 0 50 50 50 0 0 0 0 0 0 70 0 0 0 59 
57 49 0 0 0 0 0 0 0 0 0 0 0 70 0 0 0 59 
57 49 43 0 0 0 0 0 0 43 0 0 0 70 0 0 0 59 
57 49 44 0 0 0 0 0 0 44 0 0 0 70 0 0 0 59 
57 56 52 52 52 52 52 52 52 52 52 52 55 70 26 0 0 59 
65 60 60 60 60 60 60 60 60 60 60 60 64 70 41 41 41 59 
