79 41 41 41 88 81 81 81 81 81 81 81 85 0 83 81 81 81 
79 0 0 0 0 0 0 0 0 0 0 0 80 0 79 0 0 41 
79 26 0 0 0 0 0 0 0 0 0 0 80 0 79 26 0 41 
79 0 0 0 0 0 0 0 0 0 0 0 80 0 79 0 0 41 
79 0 0 0 0 0 0 0 0 0 0 0 80 83 87 0 44 89 
79 44 0 0 0 0 0 0 0 99 44 0 80 79 0 0 100 80 
79 0 44 0 0 0 0 0 0 0 0 0 80 79 0 0 0 80 
79 0 100 0 0 0 0 0 0 0 0 0 80 84 90 0 0 80 
79 44 0 0 0 0 0 0 99 0 44 0 80 0 79 0 0 80 
79 0 0 0 0 0 0 0 0 0 0 0 80 0 79 0 0 80 
79 0 0 0 0 0 0 0 0 0 0 0 80 0 79 0 0 80 
79 44 0 0 0 0 0 99 0 0 44 0 80 0 79 0 0 80 
79 0 0 0 0 0 0 0 0 0 0 0 80 83 87 0 0 80 
79 0 0 0 0 0 0 0 0 0 0 0 80 79 0 0 0 80 
79 44 0 0 0 0 99 0 0 0 44 0 80 79 0 0 0 80 
79 49 0 0 0 0 0 0 0 0 0 0 80 84 90 0 0 80 
79 49 0 0 0 0 0 0 0 0 0 0 80 0 79 0 0 80 
79 44 0 0 0 99 0 0 0 0 44 0 80 0 79 0 0 80 
79 0 0 0 0 0 0 0 0 0 0 0 80 0 79 0 0 80 
79 0 0 0 0 0 0 0 0 0 0 0 80 0 79 0 0 80 
79 44 0 0 99 0 0 0 0 0 44 0 80 83 87 0 0 80 
79 0 0 0 0 0 0 0 0 0 0 0 80 79 0 0 0 80 
79 0 0 0 0 0 0 0 0 0 0 0 80 79 0 0 0 80 
79 44 0 99 0 0 0 0 0 0 44 0 80 84 90 0 0 80 
79 0 0 0 0 0 0 0 0 0 0 0 80 0 79 0 0 80 
79 0 44 0 0 0 0 0 0 0 0 0 80 0 79 0 0 80 
79 44 0 0 0 0 0 0 0 0 44 0 80 0 79 0 0 80 
79 0 0 0 0 0 0 0 0 0 0 0 80 0 79 0 100 80 
79 0 0 0 0 0 0 0 0 0 0 0 88 81 87 0 44 80 
79 0 0 0 0 0 0 0 0 0 0 0 0 0 0 0 0 80 
79 0 0 0 0 0 0 0 0 0 0 0 0 0 0 0 0 80 
84 82 82 82 82 82 82 82 82 82 82 82 82 82 82 82 82 86 
