37 30 30 30 30 30 30 30 30 30 30 30 30 30 30 30 30 38 
29 0 0 0 0 0 0 0 0 0 0 0 0 0 0 0 0 31 
29 0 0 0 0 0 0 0 0 0 0 0 0 0 0 0 0 31 
29 0 0 0 0 0 0 0 0 0 0 0 0 0 0 0 0 31 
29 0 0 0 0 0 0 0 0 0 0 0 0 0 0 36 0 31 
29 0 0 0 0 0 0 0 0 0 0 35 32 32 32 29 0 31 
29 0 0 0 0 0 0 0 0 0 0 0 0 0 0 33 0 31 
29 0 0 0 0 0 0 0 0 0 0 0 0 0 0 0 0 31 
29 0 0 0 0 0 0 0 0 0 0 35 32 35 32 36 0 31 
29 0 0 0 0 0 0 0 35 36 0 0 0 31 0 0 0 31 
29 0 0 0 0 35 32 32 0 0 0 0 0 31 0 0 0 31 
29 0 0 0 0 0 0 0 34 33 0 34 30 34 30 33 0 31 
29 0 0 0 0 0 0 0 0 0 0 0 0 0 0 0 0 31 
29 0 0 0 0 0 35 32 36 0 0 35 32 35 36 0 0 31 
29 0 0 0 0 35 0 0 0 36 0 0 0 31 0 36 0 31 
29 0 0 0 0 34 0 0 0 33 0 0 0 31 0 33 0 31 
29 0 0 0 0 0 34 30 33 0 0 34 30 34 33 0 0 31 
29 0 0 0 0 0 0 0 0 0 0 0 0 0 0 0 0 31 
29 0 0 0 0 0 35 32 32 36 0 35 32 32 32 36 0 31 
29 0 0 0 0 35 0 0 0 0 0 0 0 0 29 0 0 31 
29 0 0 0 0 34 0 0 0 0 0 0 0 29 0 0 0 31 
29 0 0 0 0 0 34 30 30 33 0 34 30 30 30 33 0 31 
29 0 0 0 0 0 0 0 0 0 0 0 0 0 0 0 0 31 
29 0 0 0 0 34 0 30 30 33 0 35 32 32 32 36 0 31 
29 0 0 0 0 0 0 0 0 0 0 0 0 31 0 0 0 31 
29 0 0 0 0 0 0 0 0 0 0 0 31 0 29 0 0 31 
29 0 0 0 0 0 0 0 0 0 0 34 0 0 0 33 0 31 
29 0 0 0 0 0 0 0 0 0 0 0 0 0 0 0 0 31 
29 0 0 0 0 0 0 0 0 0 0 0 0 0 0 0 0 31 
29 0 0 0 0 0 0 0 0 0 0 0 0 0 0 0 0 31 
29 26 26 26 0 0 0 0 0 0 0 0 0 0 0 0 0 31 
40 32 32 36 41 41 41 35 32 32 32 32 32 32 32 32 32 39 
