0 0 0 0 0 5 1 1 1 1 7 9 0 0 0 11 1 7 
0 0 0 0 0 4 21 18 18 18 14 4 26 0 0 0 0 3 
0 0 0 0 0 4 17 0 0 0 11 9 0 0 0 0 0 3 
0 0 0 0 0 4 17 0 0 0 0 0 0 0 0 0 0 3 
0 0 0 0 0 4 17 0 0 0 0 0 0 0 0 0 0 3 
0 0 0 0 0 4 17 0 0 0 0 0 0 0 0 0 0 3 
0 0 0 0 0 4 17 0 0 0 0 0 0 0 0 0 0 11 
0 0 0 5 1 9 17 0 0 0 0 0 0 0 20 10 0 0 
0 0 0 4 17 0 0 0 0 0 0 0 0 20 10 9 26 0 
0 0 0 4 17 0 0 0 0 0 0 0 0 10 9 0 0 0 
0 0 0 4 0 0 0 0 0 0 0 0 0 9 0 0 0 12 
0 0 0 4 0 -27 0 0 0 0 0 0 0 0 0 0 0 3 
0 0 0 4 0 0 0 0 0 0 0 0 0 0 0 0 0 3 
0 0 0 4 24 0 0 0 0 0 0 0 0 0 0 0 0 3 
0 0 0 6 10 17 0 0 0 0 0 0 0 0 0 0 0 3 
0 0 0 0 4 0 0 0 0 0 0 0 0 0 0 0 0 3 
0 0 0 0 4 0 0 0 0 0 0 0 0 0 0 0 0 3 
0 0 0 0 4 24 0 0 0 0 0 0 0 0 0 0 0 3 
5 1 1 1 9 2 10 0 0 0 0 0 0 0 0 0 0 3 
4 21 18 18 18 0 4 0 0 0 0 0 0 0 0 0 0 3 
4 0 0 0 0 0 4 17 0 0 0 0 0 0 0 0 0 3 
4 0 0 25 0 0 4 17 0 0 0 0 0 0 0 0 0 3 
4 17 0 0 0 0 9 24 0 0 0 0 0 0 0 0 0 3 
4 17 0 0 0 19 12 2 2 2 2 2 10 0 0 0 0 3 
4 17 0 0 0 19 11 1 1 1 1 1 9 0 0 0 0 3 
4 17 0 0 0 0 18 18 18 18 18 18 18 0 0 0 0 3 
4 17 0 0 0 0 0 0 0 0 0 0 0 0 0 0 0 3 
4 17 0 0 0 0 0 0 0 0 0 0 0 0 0 0 0 3 
4 17 0 0 0 0 0 0 0 0 0 0 0 0 0 0 0 3 
4 17 0 0 0 0 0 0 0 0 0 0 0 0 0 0 0 3 
4 24 0 0 0 0 0 0 0 0 0 0 20 20 20 20 23 3 
6 2 2 2 2 2 2 2 2 2 2 2 2 2 2 2 2 8 
