0 0 0 0 0 0 0 0 0 0 0 0 0 0 0 0 0 0 
0 0 0 0 0 0 0 0 0 0 0 0 0 0 0 0 0 0 
0 0 0 0 0 0 0 0 0 0 0 0 0 0 0 0 0 0 
0 0 0 0 0 0 0 0 0 0 0 0 0 0 0 0 0 0 
0 0 0 0 0 0 0 0 0 0 0 0 0 0 0 0 0 0 
0 0 0 0 0 0 0 0 0 0 0 0 0 0 0 0 0 0 
0 0 0 0 0 0 0 0 0 0 0 0 0 0 0 0 0 0 
0 0 0 0 0 0 0 0 0 0 0 0 0 0 0 0 0 0 
0 0 0 0 0 0 0 0 0 0 0 0 0 0 0 0 0 0 
81 81 81 81 81 81 81 81 81 81 81 81 81 81 81 81 81 81 
18 18 18 18 18 18 18 18 18 18 18 22 92 21 18 18 18 18 
41 0 0 44 0 0 0 0 0 0 0 19 92 17 0 42 44 41 
41 0 0 0 0 0 0 0 0 0 0 19 92 17 0 0 0 41 
41 0 0 0 0 0 0 0 0 0 0 19 92 17 0 0 0 41 
41 0 0 0 0 0 0 0 0 0 0 19 93 17 0 0 0 41 
41 0 0 0 0 0 0 20 0 0 0 0 18 0 0 0 0 41 
41 0 0 0 0 0 19 91 17 0 0 0 0 0 0 0 0 41 
41 91 26 0 0 0 19 92 17 0 0 0 0 0 0 0 0 41 
41 93 26 0 0 0 19 92 17 0 0 0 0 0 0 0 0 41 
41 0 0 44 0 0 19 92 17 0 0 0 0 0 0 42 44 41 
20 20 20 20 20 20 23 92 24 20 20 20 20 20 20 20 20 20 
82 82 82 82 82 82 82 82 82 82 82 82 82 82 82 82 82 82 
0 0 0 0 0 0 0 0 0 0 0 0 0 0 0 0 0 0 
0 0 0 0 0 0 0 0 0 0 0 0 0 0 0 0 0 0 
0 0 0 0 0 0 0 0 0 0 0 0 0 0 0 0 0 0 
0 0 0 0 0 0 0 0 0 0 0 0 0 0 0 0 0 0 
0 0 0 0 0 0 0 0 0 0 0 0 0 0 0 0 0 0 
0 0 0 0 0 0 0 0 0 0 0 0 0 0 0 0 0 0 
0 0 0 0 0 0 0 0 0 0 0 0 0 0 0 0 0 0 
0 0 0 0 0 0 0 0 0 0 0 0 0 0 0 0 0 0 
0 0 0 0 0 0 0 0 0 0 0 0 0 0 0 0 0 0 
0 0 0 0 0 0 0 0 0 0 0 0 0 0 0 0 0 0 
