58 58 58 58 67 0 0 0 0 0 0 0 0 0 0 0 0 0 
41 0 0 0 59 0 0 0 0 0 0 0 0 0 0 0 0 0 
41 0 0 0 59 0 0 0 0 0 0 0 0 0 0 0 0 0 
41 0 0 0 59 0 0 0 0 0 0 0 0 0 0 0 0 0 
64 0 0 0 59 0 0 0 0 0 0 0 0 0 0 0 0 0 
57 0 0 0 59 0 0 0 0 0 0 0 0 0 0 0 0 0 
57 0 0 0 59 0 0 0 0 0 0 0 0 0 0 0 0 0 
57 0 0 0 59 0 0 0 0 0 0 0 0 0 0 0 0 0 
57 0 0 0 59 0 0 0 0 0 0 0 0 0 0 0 0 0 
79 26 0 0 88 81 81 81 81 81 81 81 81 81 81 81 81 81 
79 0 0 0 18 18 18 18 18 18 18 18 18 18 18 18 18 18 
79 0 0 0 0 0 0 0 0 0 0 0 0 0 0 0 0 41 
79 0 0 0 0 0 0 0 0 0 0 0 0 0 0 0 0 41 
79 0 0 0 46 0 0 0 0 0 46 0 0 0 0 0 46 41 
79 0 0 0 0 0 0 0 0 0 0 0 0 0 0 0 0 41 
79 0 0 0 0 0 0 0 0 0 0 0 0 0 0 0 0 41 
79 0 0 0 0 0 0 0 0 0 0 0 0 0 0 0 0 41 
79 0 0 0 0 0 0 0 0 0 0 0 0 0 0 0 0 41 
79 0 0 0 0 0 0 47 0 0 0 0 0 47 0 0 0 41 
79 0 0 0 0 0 0 0 0 0 0 0 0 0 0 0 0 41 
79 20 20 20 20 20 20 20 20 20 20 20 20 20 20 20 20 20 
84 82 82 82 82 82 82 82 82 82 82 82 82 82 82 82 82 82 
0 0 0 0 0 0 0 0 0 0 0 0 0 0 0 0 0 0 
0 0 0 0 0 0 0 0 0 0 0 0 0 0 0 0 0 0 
0 0 0 0 0 0 0 0 0 0 0 0 0 0 0 0 0 0 
0 0 0 0 0 0 0 0 0 0 0 0 0 0 0 0 0 0 
0 0 0 0 0 0 0 0 0 0 0 0 0 0 0 0 0 0 
0 0 0 0 0 0 0 0 0 0 0 0 0 0 0 0 0 0 
0 0 0 0 0 0 0 0 0 0 0 0 0 0 0 0 0 0 
0 0 0 0 0 0 0 0 0 0 0 0 0 0 0 0 0 0 
0 0 0 0 0 0 0 0 0 0 0 0 0 0 0 0 0 0 
0 0 0 0 0 0 0 0 0 0 0 0 0 0 0 0 0 0 
