0 0 0 0 0 0 0 0 0 0 0 0 0 0 0 0 0 0 
0 0 0 0 0 0 0 0 0 0 0 0 0 0 0 0 0 0 
0 0 0 0 0 0 0 0 0 0 0 0 0 0 0 0 0 0 
0 0 0 0 0 0 0 0 0 0 0 0 0 0 0 0 0 0 
0 0 0 0 0 0 0 0 0 0 0 0 0 0 0 0 0 0 
0 0 0 0 0 0 0 0 0 0 0 0 0 0 0 0 0 0 
0 0 0 0 0 0 0 0 0 0 0 0 0 0 0 0 0 0 
0 0 0 0 0 0 0 0 0 0 0 0 0 0 0 0 0 0 
0 0 0 0 0 0 0 0 0 0 0 0 0 0 0 0 0 0 
0 0 0 0 0 0 0 0 0 0 0 0 0 0 0 0 0 0 
0 0 0 0 0 0 0 0 0 0 0 0 0 0 0 0 0 0 
0 0 0 0 0 0 0 0 0 0 0 0 0 0 0 0 0 0 
0 0 0 0 0 0 0 0 0 0 0 0 0 0 0 0 0 0 
0 0 0 0 0 0 0 0 0 0 0 0 0 0 0 0 0 0 
83 81 81 81 81 81 81 85 0 0 0 0 0 0 0 0 0 0 
79 0 0 0 0 0 0 88 85 0 0 0 0 0 0 0 0 0 
87 0 0 0 0 0 0 0 88 85 0 0 0 0 0 0 0 0 
41 0 0 0 0 0 0 0 0 88 85 0 0 0 0 0 0 0 
41 0 0 0 0 0 0 0 0 0 88 85 0 0 0 0 0 0 
41 0 0 0 0 0 0 0 0 0 0 88 85 0 0 0 0 0 
90 26 0 0 0 0 0 0 0 0 0 0 88 85 0 0 0 0 
79 0 0 0 0 0 0 0 0 0 0 0 0 80 0 0 0 0 
84 90 0 0 0 0 0 0 0 0 0 0 0 80 0 0 0 0 
0 84 90 0 0 0 0 0 0 0 0 0 0 80 0 0 0 0 
0 0 84 90 0 0 0 0 0 0 0 0 0 80 0 0 0 0 
0 0 0 84 90 0 0 0 0 0 0 0 0 80 0 0 0 0 
0 0 0 0 84 90 0 0 0 0 0 0 0 80 0 0 0 0 
0 0 0 0 0 84 90 0 0 0 0 0 0 80 0 0 0 0 
0 0 0 0 0 0 84 90 0 0 0 0 0 80 0 0 0 0 
0 0 0 0 0 0 0 79 0 0 0 0 0 80 0 0 0 0 
0 0 0 0 0 0 0 79 0 0 0 0 0 80 0 0 0 0 
0 0 0 0 0 0 0 79 41 41 41 41 41 80 0 0 0 0 
