5 1 1 1 1 1 1 1 1 1 7 13 0 0 0 11 1 7 
4 21 18 18 18 18 18 18 18 18 14 13 26 0 0 0 0 3 
4 17 0 0 0 0 0 0 0 0 14 13 0 0 0 0 0 3 
4 17 0 0 0 0 0 0 0 0 14 13 0 0 0 0 0 3 
4 17 0 0 0 0 0 0 0 0 14 13 0 0 0 0 0 3 
9 17 0 0 0 0 0 0 0 0 14 13 0 0 0 0 0 3 
0 0 0 0 0 0 0 0 0 0 11 9 0 0 0 0 0 3 
0 0 0 0 0 0 0 0 0 0 0 0 0 0 0 0 0 3 
0 0 0 0 0 0 0 0 0 0 0 0 0 0 0 0 0 3 
10 26 0 0 0 0 0 0 0 0 0 0 0 0 0 0 0 3 
4 0 0 0 0 0 0 0 0 0 0 0 0 0 0 0 0 3 
4 17 0 0 0 0 0 0 0 0 0 0 0 0 0 0 0 3 
4 0 0 0 0 0 0 0 0 0 0 0 0 0 0 0 0 3 
4 0 0 0 0 0 0 0 0 0 0 0 0 0 0 0 0 3 
4 17 0 0 0 0 0 0 0 0 0 0 0 0 0 0 0 3 
4 0 0 0 0 0 0 0 0 0 0 0 0 0 0 0 0 3 
4 0 0 0 0 0 0 0 0 0 0 0 0 0 0 0 0 3 
4 17 0 0 0 0 0 0 0 0 0 0 0 0 0 0 0 3 
4 0 0 0 0 0 0 0 0 0 0 0 0 0 0 0 0 3 
4 0 0 0 0 0 0 0 0 0 0 0 0 0 0 0 0 3 
4 17 0 0 0 0 0 0 0 0 0 0 0 0 0 0 0 3 
4 0 0 0 0 0 0 0 0 0 0 0 0 0 0 0 0 3 
4 0 0 0 0 0 0 0 0 0 0 0 0 0 0 0 0 3 
4 17 0 0 0 0 0 0 0 0 0 0 0 0 0 0 0 3 
4 17 0 0 0 0 0 0 0 0 0 0 0 0 0 0 0 3 
4 24 0 0 0 0 0 0 0 0 0 0 0 0 0 0 0 3 
6 2 2 2 2 2 2 2 2 2 2 10 0 0 0 0 0 3 
0 0 0 0 0 0 0 0 0 0 0 4 0 0 0 0 0 3 
0 0 0 0 0 0 0 0 0 0 0 4 0 0 0 0 0 3 
0 0 0 0 0 0 0 0 0 0 0 4 0 0 0 0 0 3 
0 0 0 0 0 0 0 0 0 0 0 4 26 0 0 0 0 3 
0 0 0 0 0 0 0 0 0 0 0 9 0 0 0 12 2 8 
