0 0 0 0 0 0 0 0 0 0 0 0 0 0 0 0 0 0 
0 0 0 0 0 0 0 0 0 0 0 0 0 0 0 0 0 0 
0 0 0 0 0 0 0 0 0 0 0 0 0 0 0 0 0 0 
0 0 0 0 0 0 0 0 0 0 0 0 0 0 0 0 0 0 
0 0 0 0 0 0 0 0 0 0 0 0 0 0 0 0 0 0 
0 0 0 0 0 0 0 0 0 0 0 0 0 0 0 0 0 0 
0 0 0 0 0 0 0 0 0 0 0 0 0 0 0 0 0 0 
0 0 0 0 0 0 0 0 0 0 0 0 0 0 0 0 0 0 
0 0 0 0 0 0 0 0 0 0 0 0 0 0 0 0 0 0 
81 81 81 81 81 81 81 81 81 81 81 81 81 81 81 81 81 85 
18 18 18 18 18 18 18 18 18 18 18 18 18 18 18 18 18 80 
41 0 0 46 46 46 46 46 46 46 46 46 46 46 46 46 46 80 
41 0 0 0 0 0 0 0 0 0 0 0 0 0 0 0 0 80 
41 0 0 0 0 0 0 0 0 0 0 0 0 0 0 0 51 80 
41 0 0 0 0 0 52 52 0 0 0 0 52 52 0 0 51 80 
41 0 0 0 0 51 94 95 49 0 0 51 94 95 49 0 51 80 
41 0 0 0 0 0 50 50 0 0 0 0 50 50 0 0 0 88 
41 91 26 0 0 0 0 0 0 0 0 0 0 0 0 0 0 41 
41 93 26 0 0 0 0 0 0 0 0 0 0 0 0 0 0 41 
41 0 0 47 47 47 47 47 47 47 47 47 47 47 47 47 47 41 
20 20 20 20 20 20 20 20 20 20 20 20 20 20 20 20 20 20 
82 82 82 82 82 82 82 82 82 82 82 82 82 82 82 82 82 82 
0 0 0 0 0 0 0 0 0 0 0 0 0 0 0 0 0 0 
0 0 0 0 0 0 0 0 0 0 0 0 0 0 0 0 0 0 
0 0 0 0 0 0 0 0 0 0 0 0 0 0 0 0 0 0 
0 0 0 0 0 0 0 0 0 0 0 0 0 0 0 0 0 0 
0 0 0 0 0 0 0 0 0 0 0 0 0 0 0 0 0 0 
0 0 0 0 0 0 0 0 0 0 0 0 0 0 0 0 0 0 
0 0 0 0 0 0 0 0 0 0 0 0 0 0 0 0 0 0 
0 0 0 0 0 0 0 0 0 0 0 0 0 0 0 0 0 0 
0 0 0 0 0 0 0 0 0 0 0 0 0 0 0 0 0 0 
0 0 0 0 0 0 0 0 0 0 0 0 0 0 0 0 0 0 
