5 1 1 1 1 1 1 1 1 1 1 1 1 1 1 7 0 0 
4 18 18 18 0 0 0 0 0 0 0 18 18 18 22 3 0 0 
4 0 0 0 0 0 0 0 0 0 0 0 0 0 19 3 0 0 
4 0 0 0 20 20 20 20 20 0 0 0 0 0 19 3 0 0 
4 26 0 0 12 2 2 2 2 2 2 2 10 0 19 3 0 0 
4 0 0 0 3 0 0 0 0 0 0 0 4 0 0 3 0 0 
9 0 0 0 3 0 0 0 0 0 0 0 4 0 0 3 0 0 
41 0 0 0 11 1 1 1 1 1 1 1 9 0 0 3 0 0 
41 0 0 0 3 4 21 18 18 18 18 18 0 0 0 3 0 0 
41 0 0 0 3 4 0 0 0 0 0 0 0 0 0 3 0 0 
10 2 2 2 8 4 0 0 0 12 2 2 2 2 2 8 0 0 
4 1 1 1 1 9 0 0 0 11 1 1 1 1 1 7 0 0 
4 21 18 22 3 4 0 0 0 0 18 18 18 18 22 3 0 0 
4 17 0 19 3 4 24 20 0 0 0 0 0 0 19 3 0 0 
4 17 0 19 3 6 2 2 2 2 2 2 10 0 19 3 0 0 
4 17 0 19 11 1 1 1 1 1 1 1 9 0 19 3 0 0 
4 17 0 0 0 0 0 0 0 0 0 0 0 0 19 3 0 0 
4 17 0 0 0 0 0 0 0 0 0 0 0 0 19 3 0 0 
4 17 0 0 0 0 0 0 0 0 0 0 0 0 19 3 0 0 
4 17 0 0 0 0 0 0 0 0 0 0 0 0 19 3 0 0 
4 17 0 0 0 0 0 0 0 20 20 20 20 20 23 3 0 0 
4 17 0 0 0 0 0 0 12 2 2 2 2 2 2 8 0 0 
4 17 0 0 0 0 0 19 3 0 0 0 0 0 0 0 0 0 
4 17 0 0 0 0 0 19 3 0 0 0 0 0 0 0 0 0 
4 17 19 12 10 0 0 19 3 0 0 0 0 0 0 0 0 0 
4 17 19 11 9 0 0 19 3 0 0 0 0 0 0 0 0 0 
4 17 0 18 0 0 0 19 3 0 0 0 0 0 0 0 0 0 
4 17 0 0 0 0 0 19 3 0 0 0 0 0 0 0 0 0 
4 0 0 0 0 0 0 19 3 0 0 0 0 0 0 0 0 0 
4 0 0 0 0 0 0 19 3 0 0 0 0 0 0 0 0 0 
4 26 0 0 0 0 0 23 3 0 0 0 0 0 0 0 0 0 
4 41 41 41 12 2 2 2 8 0 0 0 0 0 0 0 0 0 
