57 41 41 41 41 62 58 58 58 58 58 58 67 0 0 0 0 0 
57 26 0 0 0 0 0 0 0 0 0 0 59 0 0 0 0 0 
57 0 0 0 0 0 0 0 0 0 0 0 59 0 0 0 0 0 
57 0 0 0 0 0 0 0 0 0 0 0 59 0 0 0 0 0 
65 64 0 0 0 0 63 64 49 0 0 0 59 0 0 0 0 0 
0 57 49 0 0 0 62 61 49 0 46 0 59 0 0 0 0 0 
0 57 49 0 0 0 0 0 0 0 0 0 62 58 58 67 0 0 
0 57 56 0 0 0 0 0 0 0 0 0 0 0 0 59 0 0 
0 65 64 49 0 0 0 0 0 0 0 0 0 0 0 59 0 0 
0 0 57 49 0 0 0 0 0 0 0 0 0 0 0 62 58 67 
0 0 57 49 0 0 0 0 0 0 0 0 0 0 0 0 0 59 
0 0 57 56 0 0 0 0 47 0 0 0 0 0 0 0 0 59 
0 0 65 64 49 0 0 0 0 0 0 0 0 0 0 0 0 59 
0 0 0 57 49 0 0 0 0 0 0 0 0 0 0 0 0 59 
0 0 0 57 49 0 0 0 0 0 0 0 0 0 0 0 0 59 
0 0 0 57 49 0 0 0 0 52 52 52 52 52 52 52 55 59 
0 0 0 57 49 0 0 0 51 72 74 74 74 74 74 74 74 77 
0 0 0 57 49 0 0 0 0 50 50 50 50 50 50 50 54 59 
0 0 0 57 49 0 0 0 0 0 0 0 0 0 0 0 0 59 
0 0 0 57 49 0 0 0 0 0 0 0 0 0 0 0 0 59 
0 0 66 61 49 0 0 0 0 0 0 0 0 0 0 0 0 59 
0 0 57 53 0 0 0 0 47 0 0 0 0 0 0 63 60 68 
0 0 57 49 0 0 0 0 0 0 0 0 0 0 0 59 0 0 
0 0 57 49 0 0 0 0 0 0 0 0 0 0 0 59 0 0 
0 66 61 49 0 0 0 0 0 0 0 0 0 0 0 59 0 0 
0 57 53 0 0 0 0 0 0 0 0 0 0 0 0 59 0 0 
0 57 49 0 0 0 63 64 49 0 46 0 0 0 0 59 0 0 
0 57 49 0 0 0 62 61 49 0 0 0 0 0 0 59 0 0 
66 61 0 0 0 0 0 0 0 0 0 0 0 63 60 68 0 0 
57 0 0 0 0 0 0 0 0 0 0 0 0 59 0 0 0 0 
57 26 0 0 0 0 0 0 0 0 0 0 0 59 0 0 0 0 
57 41 41 41 41 63 60 60 60 60 60 60 60 68 0 0 0 0 
