57 41 41 62 58 58 58 58 58 58 76 58 58 58 76 58 58 58 
57 0 0 0 0 0 0 0 0 51 70 49 0 0 70 0 0 41 
57 26 0 0 0 0 0 0 0 51 70 49 0 0 70 0 0 41 
57 0 0 52 52 52 0 0 0 51 70 49 0 0 71 26 0 41 
57 60 60 60 60 60 64 0 0 51 70 49 0 0 0 0 0 63 
57 0 0 0 0 0 57 0 0 51 70 49 0 0 0 0 0 59 
57 0 0 0 0 0 57 49 0 51 70 49 0 45 0 0 0 59 
57 58 58 58 58 58 61 49 0 51 70 49 0 0 0 0 0 59 
57 53 50 50 50 50 50 0 0 51 70 49 0 0 0 0 0 59 
57 49 0 0 0 0 0 0 0 51 70 49 0 0 0 0 0 59 
57 49 0 0 0 0 0 0 0 51 70 49 0 0 0 0 0 59 
57 49 0 0 0 0 46 0 0 51 70 49 0 0 0 0 0 59 
57 49 0 0 0 0 0 0 0 51 70 49 0 45 0 0 0 59 
57 49 0 0 0 0 0 0 0 51 70 49 0 0 0 0 0 59 
57 49 0 0 0 0 0 0 0 51 70 49 0 0 0 0 0 59 
57 49 0 0 0 0 0 0 0 51 70 49 0 0 0 0 0 59 
57 49 0 0 0 0 0 0 0 51 70 49 0 0 0 0 0 59 
57 49 0 0 0 0 45 0 0 51 70 49 0 0 0 0 0 59 
57 49 0 0 0 0 0 0 0 51 70 49 0 45 0 0 0 59 
57 49 0 0 0 0 0 0 0 51 70 49 0 0 0 0 0 59 
57 49 0 0 0 0 0 0 0 51 70 49 0 0 0 0 0 59 
57 49 0 0 0 0 0 0 0 51 70 49 0 0 0 0 0 59 
57 49 0 0 0 0 0 0 0 51 70 49 0 0 0 0 0 59 
57 49 0 0 0 0 0 0 0 51 70 49 0 0 0 0 0 59 
57 49 0 0 0 0 45 0 0 51 70 49 0 0 0 0 0 59 
57 49 0 0 0 0 0 0 0 51 71 49 0 0 0 0 0 59 
57 49 0 0 0 0 0 0 0 0 50 0 0 0 0 0 0 59 
57 49 44 0 0 0 0 0 0 0 42 0 0 0 44 0 0 59 
57 49 0 0 0 0 0 0 0 0 0 0 0 0 0 0 0 59 
57 49 0 0 0 0 0 0 0 0 0 0 0 0 0 0 0 59 
57 56 0 0 0 0 52 52 52 52 52 52 52 52 52 52 52 59 
65 60 60 60 60 60 60 60 60 60 60 60 60 60 60 60 60 68 
