37 81 81 81 81 81 81 81 81 81 81 81 81 81 81 81 81 67 
29 0 0 0 0 0 0 0 0 0 0 0 0 0 0 0 0 59 
29 0 0 0 0 0 0 0 0 0 0 37 30 30 30 38 0 59 
29 0 0 0 0 0 0 0 0 0 0 29 0 29 0 31 0 59 
29 0 0 0 0 0 0 0 0 0 0 29 0 29 0 31 0 59 
29 0 0 0 0 0 0 0 0 0 0 29 0 0 0 31 0 59 
29 0 0 0 0 0 0 0 0 0 0 0 0 0 0 0 0 59 
29 0 0 0 0 0 0 0 0 0 0 3 0 12 2 10 0 59 
29 0 0 0 0 0 0 0 0 0 0 3 0 4 0 4 0 59 
29 0 0 0 0 0 0 0 0 0 0 3 0 4 0 4 0 59 
29 0 0 0 0 0 0 0 0 0 0 11 1 9 0 4 0 59 
29 0 0 0 0 0 0 0 0 0 0 0 0 0 0 0 0 59 
29 0 0 0 0 0 0 0 0 0 0 21 18 18 18 22 0 59 
29 0 0 0 0 0 0 0 0 0 0 17 0 0 0 19 0 59 
29 0 0 0 0 0 0 0 0 0 0 17 0 0 0 19 0 59 
29 0 0 0 0 0 0 0 0 0 0 24 0 0 0 23 0 59 
29 0 0 0 0 0 0 0 0 0 0 0 0 0 0 0 0 59 
29 0 0 0 0 0 0 0 0 0 0 72 74 74 73 0 0 59 
29 0 0 0 0 0 0 0 0 0 0 0 0 70 0 69 0 59 
29 0 0 0 0 0 0 0 0 0 0 0 0 70 0 71 0 59 
29 0 0 0 0 0 0 0 0 0 0 72 74 74 73 0 0 59 
29 0 0 0 0 0 0 0 0 0 0 0 0 0 0 0 0 59 
29 0 0 0 0 0 0 0 0 0 0 94 96 96 96 95 0 59 
29 0 0 0 0 0 0 0 0 0 0 0 0 91 0 91 0 59 
29 0 0 0 0 0 0 0 0 0 0 0 0 93 0 93 0 59 
29 0 0 0 0 0 0 0 0 0 0 0 0 0 93 0 0 59 
29 0 0 0 0 0 0 0 0 0 0 37 30 30 30 38 0 59 
29 0 0 0 0 0 0 0 0 0 0 29 0 29 0 31 0 59 
29 0 0 0 0 0 0 0 0 0 0 29 0 29 0 31 0 59 
29 0 0 0 0 0 0 0 0 0 0 29 0 29 0 31 0 59 
29 0 0 0 0 0 0 0 0 0 0 0 0 0 0 0 0 59 
40 2 2 2 2 2 2 2 2 2 2 2 2 2 2 2 2 68 
