00 00 00 00 00 00 00 00 00 00 00 00 00 00 00 00 00 00 00 00
00 00 00 00 00 00 00 00 00 00 00 00 00 00 00 00 00 00 00 00 
00 00 00 00 00 00 00 00 00 00 00 00 00 00 00 00 00 00 00 00 
00 00 00 00 00 00 00 00 00 00 00 00 00 00 00 00 00 00 00 00 
00 00 00 00 00 00 00 00 00 00 00 00 00 00 00 00 00 00 00 00 
00 00 00 00 00 00 00 00 00 11 15 00 00 00 00 00 00 00 00 00 
00 00 00 00 00 00 00 00 00 05 00 00 00 00 00 00 00 00 00 00 
00 00 00 00 00 00 00 00 00 05 00 00 00 00 00 00 00 00 00 00 
00 00 00 00 00 00 00 00 00 05 00 00 00 00 00 00 00 00 00 00 
00 00 00 00 00 00 00 11 06 09 00 00 00 00 00 00 00 00 00 00 
00 00 00 00 00 00 00 10 06 06 06 00 00 00 00 00 00 00 00 00 
00 00 00 00 11 06 06 09 11 06 15 00 00 00 00 00 00 00 00 00 
00 00 00 13 09 00 00 11 09 00 00 00 00 00 00 00 00 00 00 00 
00 00 00 00 00 11 08 09 00 00 00 00 00 00 00 00 00 00 00 00 
00 00 00 00 00 16 05 00 00 00 00 00 00 00 00 00 00 00 00 00 
00 00 00 00 00 00 16 00 00 00 00 00 00 00 00 00 00 00 00 00 
00 00 00 00 00 00 00 00 00 00 00 00 00 00 00 00 00 00 00 00 
00 00 00 00 00 00 00 00 00 00 00 00 00 00 00 00 00 00 00 00 
00 00 00 00 00 00 00 00 00 00 00 00 00 00 00 00 00 00 00 00 
00 00 00 00 00 00 00 00 00 00 00 00 00 00 00 00 00 00 00 00 